#box1
box
0 0 0 200 50 300
#box2
box
0 60 0 200 50 300
#box3
box
0 120 0 200 50 300
#box4
box
0 180 0 200 50 300
#box5
box
0 240 0 200 50 300
0 240 0 199 49 299
#box6
box
0 300 0 200 50 300
box
0 300 0 199 49 299
box
0 300 0 198 48 298
#box7
box
0 360 0 200 50 300
box
0 360 0 199 49 299
box
0 360 0 198 48 298
box
0 360 0 197 47 297
#box8
box
0 420 0 200 50 300
box
0 420 0 199 49 299
box
0 420 0 198 48 298
box
0 420 0 197 47 297
box
0 420 0 196 46 296
#box9
box
0 480 0 200 50 300
box
0 480 0 199 49 299
box
0 480 0 198 48 298
box
0 480 0 197 47 297
box 
0 480 0 196 46 296
box 
0 480 0 195 45 295
display
ident
rotate
x 20
rotate
y 20
translate
150 150 0
apply
move
150 200 0
apply
display
sphere
400 150 0 50
sphere
400 150 0 100
sphere
400 150 0 175
sphere
400 150 0 250
display
torus
100 150 0 100 250
torus
100 150 50 90 225
torus
100 150 100 75 190
torus
100 150 200 50 150
display
save
noice.png
quit
